Webots Project File version R2025a
perspectives: 000000ff00000000fd00000002000000010000028c000002e7fc0200000001fb0000001400540065007800740045006400690074006f00720100000015000002e70000008400ffffff0000000300000780000000defc0100000002fc00000000000007800000006900fffffffa000000000100000001fb0000001a0043006f006e0073006f006c00650041006c006c0041006c006c0100000000ffffffff0000006900fffffffb0000001a0043006f006e0073006f006c00650041006c006c0041006c006c0100000000000007800000000000000000000004f2000002e700000001000000020000000100000008fc00000000
simulationViewPerspectives: 000000ff000000010000000200000100000005620100000002010000000100
sceneTreePerspectives: 000000ff00000001000000030000001e0000018f000000fa0100000002010000000200
minimizedPerspectives: 000000ff00000000fd00000002000000010000028c000003a2fc0200000001fb0000001400540065007800740045006400690074006f00720100000015000003a20000008500ffffff000000030000078000000057fc0100000001fc00000000000007800000007100fffffffa000000010100000002fb0000001a0043006f006e0073006f006c00650041006c006c0041006c006c0100000000ffffffff0000006900fffffffb0000001a0043006f006e0073006f006c00650041006c006c0041006c006c0100000000ffffffff0000006900ffffff000004f2000003a200000001000000020000000100000008fc00000000
maximizedDockId: -1
centralWidgetVisible: 1
orthographicViewHeight: 1
textFiles: 0 "controllers/LHA/LHA.c"
consoles: Console:All:All
renderingDevicePerspectives: Khepera IV(1):camera;1;0.511968;0;0
renderingDevicePerspectives: Khepera IV:camera;0;0.895833;0;0
renderingDevicePerspectives: e-puck:camera;1;1;0;0
